0 CSS (TIANHE-1)
1 48274U 21035A 21295.90862762 .00005009 00000-0 62585-4 0 9999
2 48274 41.4697 224.1728 0006726 240.5427 202.4055 15.60684462 27671
0 CSS (TIANHE-1)
1 48274U 21035A 21295.96651600 .00005466 00000-0 67917-4 0 9993
2 48274 41.4696 223.8202 0006603 242.4900 166.1245 15.60685457 27687
0 CSS (TIANHE-1)
1 48274U 21035A 21296.14315635 .00008348 00000-0 10155-3 0 9992
2 48274 41.4700 222.7457 0006714 241.5504 80.8159 15.60692096 27702
0 CSS (TIANHE-1)
1 48274U 21035A 21296.30278694 .00010224 00000-0 12341-3 0 9998
2 48274 41.4702 221.7745 0006677 242.5140 257.9099 15.60697988 27736
0 CSS (TIANHE-1)
1 48274U 21035A 21296.49883494 .00011980 00000-0 14383-3 0 9996
2 48274 41.4703 220.5820 0006714 243.5322 279.8338 15.60705587 27760
0 CSS (TIANHE-1)
1 48274U 21035A 21296.74050550 .00020333 00000-0 24084-3 0 9994
2 48274 41.4700 219.1102 0006697 244.7972 198.2177 15.60731669 27808
0 CSS (TIANHE-1)
1 48274U 21035A 21296.80685465 .00023713 00000-0 27996-3 0 9990
2 48274 41.4698 218.7065 0006754 245.2503 211.0595 15.60742840 27819
0 CSS (TIANHE-1)
1 48274U 21035A 21296.86547910 .00025288 00000-0 29815-3 0 9999
2 48274 41.4699 218.3498 0006788 245.5794 180.5604 15.60749710 27823
