Andromeda,Andromedae
1,3,0,2,-1,0,7,6,5
7
-2,,Mirach,2.07,0.530710992300176,0.45274325610414
-1,,Alpheratz,2.07,0.249776008507633,0.448186007501711
-3,2,Almach,2.1,0.771920343062603,0.48523062087529
-4,,,3.27,0.380758120732996,0.424963432176564
51,,,3.59,0.740771064051315,0.618035632541625
-15,,,3.62,0.135883578541381,0.763567003337086
-11,,,3.81,0.319274049694685,0.764013031923707
-12,,,3.86,0.509253138774268,0.51758708595254

Apus,Apodis
0,1
0
-1,,,3.83,4.44068484908047,-1.01627613461543
-3,,,3.86,4.5850672114517,-0.977389229253636

Aquarius,Aquarii
8,5,2,4,-1,5,7,1,-1,3,7,0,6
7
-2,,Sadalsud,2.9,5.64431723076068,0.150427988974667
-1,,Sadalmelik,2.95,5.8221614334021,0.19656285886905
-4,,Skat,3.27,5.91444086946448,-0.142923073191091
-6,2,,3.65,5.91535716732178,0.155077352176507
88,,,3.68,5.93439580057895,-0.25285942351949
-11,,,3.73,5.96162293691006,-0.00670982134655598
-5,,Albali,3.78,5.44060337009527,0.141114718160553
-3,,Sadachbia,3.86,5.87677569457908,0.143776345269844
98,,,3.96,5.99442543057394,-0.258037233633739

Aquila,Aquilae
1,0,6,3,7,4,2,0,4,5
4
-1,,Altair,0.76,5.26699159088994,0.511526914938671
-3,,Tarazed,2.72,5.25240839536217,0.545400846837795
-6,,Deneb el Okab,2.99,5.05792053904827,0.631668593254426
-8,,,3.24,5.32872776504243,0.354864222024936
-4,,,3.36,5.12495087859847,0.433239201713104
-11,,Al Thalimain,3.43,5.01490302112342,0.306688286533081
-2,,Alshain,3.71,5.27832168661747,0.46540174131791
-7,,Bezek,3.87,5.24357509009235,0.375749995407135

Ara,Arae
0,1,3,4,-1,6,2,1
2
-1,,Tchou,2.84,4.62397835749756,-0.46345279031985
-2,,Karnot Mizbeach,2.84,4.61126654277886,-0.563014127872504
-6,,Korban,3.12,4.53479688085746,-0.577442183022324
-3,,Zadok,3.31,4.61279370587436,-0.577757311915045
-4,,Tseen Yin,3.6,4.63484303209122,-0.651865931209449
-8,,Tao Shou,3.65,4.73315355034661,-0.465173878887789
-7,,,3.77,4.51874469987592,-0.633026071561532

Aries,Arietis
2,0,1,3,-1,4,5,0
0
-1,,Hamal,2.01,0.657344325805987,0.173859034182691
-2,,Sheratan,2.64,0.592898043176096,0.148071794484475
41,,,3.61,0.841321421513433,0.182299640370808
-3,1,Mesarthim,3.88,0.579187512274318,0.12494618189555
-4,,Botein,4.35,0.887548406007227,0.0317455998390524
-5,,,4.63,0.846460446533194,0.0727753816713525

Auriga,Aurigae
0,4,3,2,1,7,0,1
0
-1,,Capella,0.08,1.42869258872488,0.398958026321848
-2,,Menkalinan,1.9,1.56923037860491,0.375274877999647
-8,,Mahasim,2.65,1.569792762475,0.240278508494697
-9,,Kabdhilinan,2.69,1.33761549059164,0.18235296987573
-5,,Maaz,3.03,1.3760466710932,0.365433160273124
-7,,Haedus,3.18,1.38660106493095,0.319002554033264
-6,,Sadatoni,3.69,1.37241541662169,0.317577201810802
-4,,Prijipati,3.72,1.56938551898287,0.538244996904618
-13,,,3.97,1.54088332267044,0.27428334008772

Bootes,Bootis
2,0,1,4,5,3,6,0,7
6
-1,,Arcturus,-0.05,3.56449562762164,0.536586934115223
-5,,Pulcherrima,2.35,3.63205441408426,0.709088489990807
-7,,Muphrid,2.68,3.47901812750522,0.490088453960008
-3,,Seginus,3.04,3.44975962185026,0.864868822004923
-4,,,3.46,3.72017899689954,0.85467319029119
-2,,Nekkar,3.49,3.56469924936771,0.945158815733474
-17,,,3.57,3.53919320160453,0.740960141386948
-6,,,3.78,3.7181524757125,0.486631732413697

Camelopardalis,Camelopardalis
3,0,2,-1,0,1
0
-2,,,4.03,1.41839999427493,0.653179776285256
,,CS Camelopardalis,4.21,1.16209354548275,0.689851083124381
-1,,,4.26,1.41337247640182,0.757686213385227
7,,,4.43,1.38350795364547,0.539112813393804

Cancer,Cancri
2,4,1,3,-1,0,1
1
-2,,Tarf,3.53,2.16871219157048,-0.179642861398327
-4,,Asellus Borealis,3.94,2.24661690198797,0.00126536370769589
-9,,Decapoda,4.03,2.20514109156905,0.181882700605054
-1,,Acubens,4.26,2.33248710118609,-0.0887499924639117
-3,,Asellus Borealis,4.66,2.2259638391727,0.0555935848128305

Canes Venatici,Canum Venaticorum
-1
0
-1,1,Cor Caroli,2.89,3.04668067923898,0.700235792173747

Canis Major,Canis Majoris
13,11,12,13,0,3,-1,0,5,2,7,1,8,-1,2,4
5
-1,,Sirius,-1.44,1.81661140752786,-0.691295827894087
-5,,Adhara,1.5,1.93322364224514,-0.896507762834132
-4,,Wezen,1.83,1.97918397921433,-0.845767162969208
-2,,Mirzam,1.98,1.69626125932923,-0.72012284937286
-7,,Aludra,2.45,2.08637143597083,-0.883383856486497
-15,2,,3.02,1.93740273617631,-0.805231891091639
-6,,Furud,3.02,1.69957738490802,-0.931637362167329
-18,,,3.49,1.94706992097763,-0.876707972097618
-10,,,3.5,1.89488942447981,-0.962612108253417
-15,1,,3.89,1.88780144846199,-0.816465024082947
-13,2,,3.95,1.77574646234714,-0.738763935411522
-8,,,4.08,1.85329241064061,-0.606080127165464
-3,,Muliphein,4.11,1.91304569683736,-0.663220267621034
-9,,,4.36,1.87664588565966,-0.692018200278941

Canis Minor,Canis Minoris
0,1
0
-1,,Procyon,0.4,2.02087310765293,-0.279645379400791
-2,,Gomeisa,2.89,1.95812367290693,-0.235498245598957

Capricornus,Capricorni
2,1,3,0,4,1
4
-4,,Deneb Algiedi,2.85,5.64687219886013,-0.0453203829101194
-2,1,Dabih,3.05,5.30662995745746,0.0801784865818951
-1,2,Al Giedi,3.58,5.30333322442591,0.121048279899429
-3,,Nashira,3.69,5.61629499999255,-0.0445543772939664
-6,,,3.77,5.53157865735547,-0.121935488935859

Carina,Carinae
0,2,3,5,1,6,4,8,3
2
-1,,Canopus,-0.62,1.83201878631353,-1.3234831717873
-2,,Miaplacidus,1.67,3.69987015179786,-1.26069010380999
-5,,Avior,1.86,3.02203759982818,-1.2685149966231
-9,,Aspidiske,2.21,3.23482232446716,-1.17138742374962
-8,,Vathorz Posterior,2.74,3.65122879517214,-1.0844700270003
-20,Vathorz Prior,,2.92,3.54129244484374,-1.17802452304401
-24,,Simiram,3.29,3.79525239541935,-1.1759689130361
-40,,PP Carinae,3.3,3.54422556761445,-1.07239331820386
-41,,,3.39,3.49218566708415,-1.09261974497975
-25,,,3.43,3.20147199134363,-1.17857236250366
-22,,Drys,3.46,2.63099658091885,-1.2274852147908
-36,,,3.69,3.43973852306173,-1.15727449749252
-45,,,3.78,3.53335604488398,-1.00482483546762
-43,,,3.81,3.45326482476468,-1.04518072628318
-27,,,3.84,3.20630558374429,-1.22411091157028
-48,,,3.93,3.58030540176262,-0.982353721348197
-33,,,3.96,3.3314069060178,-1.21261597919117
-59,,,3.99,3.98100390919965,-1.18469555929607

Cassiopeia,Cassiopeiae
4,3,0,1,2
0
-3,,,2.15,0.766834647547764,0.851900056035243
-1,,Schedar,2.24,0.659540531781413,0.813638560322079
-2,,Caph,2.28,0.612993570258086,0.893821895040785
-4,,Ruchbah,2.66,0.836599336259426,0.809813380378125
-5,,Segin,3.35,0.955873198085994,0.829778007766215
-7,,Achird,3.46,0.702495023927718,0.820411407447179
-6,,,3.69,0.612091816811222,0.780438519439698
50,,,3.95,1.1093749057989,0.949211858107549

Centaurus,Centauri
0,4,1,-1,7,3,19,-1,3,4,6,12,2,-1,10,5,12,17,8
6
-1,,,-0.01,4.17995689951658,-0.743263006372218
-2,,Hadar,0.61,4.08050706911058,-0.770252583999586
-8,,Menkent,2.06,3.88006085265584,-0.385262039830504
-3,,Muhlifain,2.2,3.70572185292885,-0.700899986916867
-5,,Birdun,2.29,3.93673557197754,-0.6908207104866
-7,,Markifent,2.33,4.01863514712738,-0.445194707089265
-6,,Alnair,2.55,3.92618117813979,-0.574887214922877
-4,,Ma Wei,2.58,3.62134972800536,-0.776783024284132
-9,,Alhakim,2.75,3.71985901987,-0.453994075401403
-11,,Mati,3.11,3.74464269524832,-0.991090063881791
-10,,Ke Kwan,3.13,4.09797005790414,-0.419329897202071
-13,,Kabkent Secunda,3.41,3.85991199606893,-0.493293072392142
-12,,Kabkent Prima,3.47,3.86658303232099,-0.505704302628546
-21,,Kabkent Tertia,3.83,3.89279205992177,-0.488619468506246
-19,,,3.85,3.68849642283903,-0.700255184720992
-20,1,,3.87,3.91558315107073,-0.531413972137785
-16,,,3.9,3.5291284695847,-0.904221148500584
-28,,,3.9,3.77829846099095,-0.48190964715969
-18,,,3.91,3.67794202900127,-0.739748107184175
-17,,,3.97,3.65468066858164,-0.795506528648582

Cepheus,Cephei
4,0,3,6,5,1,2,0,-1,2,5
2
-1,,Alderamin,2.45,0.223290637108619,1.20274517264378
-3,,Er Rai,3.21,1.04892833603816,1.12859776825489
-2,,Alphirk,3.23,0.62066817083005,1.24178237024672
-6,,,3.39,0.243895218555774,1.06719126740556
-7,,,3.41,0.0818801826025895,1.25276824826066
-9,,,3.5,0.580351065108981,1.09279427790495
-4,,,4.07,0.307517317927779,1.03915449222699

Cetus,Ceti
3,0,6,3,7,8,2,4,1,-1,9,5,7
8
-2,,Diphda,2.04,0.0450343428382648,-0.362742444342966
-1,,Menkab,2.54,0.773515380073454,-0.219732104689275
-15,,Mira,3.04,0.550137476502235,-0.278200634631085
-7,,Deneb Algenubi,3.46,0.205337986497133,-0.281332531011053
-3,,Kaffaljidhmah,3.47,0.688222109155853,-0.20943951023932
-19,,,3.49,0.310998280158145,-0.433214961029048
-9,,Schemali,3.56,0.0159697626557481,-0.174911079870698
-8,,Altawk,3.6,0.283174822999269,-0.27521418235545
-6,,Baten,3.74,0.383060985718266,-0.354941792213913
-20,,Aquae Abyssi,3.99,0.339010814652654,-0.541677477766873

Chamaeleon,Chamaeleontis
0,1
0
-1,,,4.05,4.17680076245255,-1.31604612991908
-3,,,4.11,4.19628057615953,-1.18819106593687

Circinus,Circini
1,0,2
1
-1,,,3.18,4.23008178600649,-0.806269392369214
-2,,,4.07,4.26400419927372,-0.679374259475604
-3,,,4.48,4.2838330788311,-0.683621227322123

Columba,Columbae
2,1,4,-1,1,0,3
1
-1,,Phakt,2.65,1.43409826126925,-1.0014941654784
-2,,Wazn,3.12,1.50828445075263,-1.03300705475052
-4,,Ghusn al Zaitun,3.85,1.71784031627542,-0.989955599867995
-5,,,3.86,1.37349655113056,-1.02335441435963
-7,,,3.96,1.56400893525936,-1.15646485864507

Corona Borealis,Coronae Borealis
2,0,1
0
-1,,Alphecca,2.22,3.87970209053182,0.773665672314597
-2,,Nusakan,3.66,3.82422486100245,0.80386471651091
-3,,,3.81,3.92470734454922,0.776870290746732

Corvus,Corvi
0,3,1,2,0
0
-3,,Gienah,2.58,3.32882284909748,-0.253063045265556
-2,,Kraz,2.65,3.4447514965244,-0.314901030291077
-4,,Algorab,2.94,3.37639761562476,-0.212828357870275
-5,,Minkar,3.02,3.34523379220304,-0.343340200824962

Crater,Crateris
0,2,3,1,0
1
-4,,Labrum,3.56,3.08381255907516,-0.306707679080326
-3,,,4.06,3.12826512549609,-0.34324323808874
-1,,Alkes,4.08,3.03152055543068,-0.396480628411378
-2,,Al Sharasif,4.46,3.11641627912977,-0.447458786980046

Crux,Crucis
0,2,-1,1,3
4
-1,2,Acrux,0.77,3.87246867040966,-0.922828297581568
-2,,Mimosa,1.25,3.86854652772949,-0.848826337297009
-3,,Gacrux,1.59,3.7829090390983,-0.834732803587155
-4,,,2.79,3.76417099032341,-0.879917438666563
-5,,,3.59,3.80974832448452,-0.893744324851807

Cygnus,Cygni
0,1,11,4,-1,5,2,1,3,8,9
1
-1,,Deneb,1.25,5.85277256922735,1.04560251418575
-3,,Sadr,2.23,5.66969722696677,0.997072664706683
-5,,Gienah,2.48,5.72032147154823,0.862633830935008
-4,,Ruc,2.86,5.51975889981002,1.12431201531388
-2,2,Albireo,3.05,5.25790133436914,0.854741064206545
-6,,,3.21,5.81276574426219,0.762670098027033
-14,,,3.72,5.94823238303782,0.987580012830558
-19,,,3.74,5.90993210223017,0.882307570114434
-9,2,,3.76,5.54983674058606,1.24712501701255
-10,,,3.8,5.49661874281066,1.28816934325528
-15,1,,3.8,5.72602772857489,1.11011667073099
-7,,,3.89,5.46173155031802,0.947350173572089
-13,,,3.94,5.86688549548445,0.958447558732686
-15,2,,3.96,5.75617344326628,1.12206732797034
-17,,,3.98,6.11124613517409,0.96320358094437

Delphinus,Delphini
2,0,1,3,4,0
0
-2,,Rotanev,3.64,5.52124242967422,0.55715273046789
-1,,Svalocin,3.77,5.53938415762134,0.576424074291994
-5,,Dulfim,4.03,5.48143922645513,0.507502961385462
-3,1,,4.27,5.57409196905197,0.570843868822423
-4,,,4.43,5.55222687203393,0.557598759054511

Dorado,Doradus
0,1
0
-1,,,3.3,0.659913838315867,-1.30176351887359
-2,,,3.76,0.908899600523291,-1.48438798441074

Draco,Draconis
9,11,7,5,1,4,6,10,3,8,0,2,8
1
-3,,Eltanin,2.24,4.67692001147472,1.3077509678353
-7,,,2.73,3.39390908578644,1.36907989849565
-2,,Rastaban,2.79,4.39751219077767,1.31395173481669
-4,,Altais,3.07,0.300361467994602,1.44660645424188
-6,,Kaou Pih,3.17,3.19936305183081,1.47937501094807
-9,,Edasich,3.29,3.22765193012355,1.24082243915812
-22,,,3.55,1.3257133147204,1.45841651551371
-1,,Thuban,3.67,2.74789000757117,1.15819079534982
-14,,Grumium,3.73,4.62076889092861,1.40130061574219
-11,,,3.82,2.2746391327561,0.998958589926199
-5,,,3.84,0.571129908894278,1.38730889290537
-10,,,3.85,2.37797232074778,1.07787656093721

Equuleus,Equulei
0
0
-1,,Kitalpha,3.92,5.63948848649683,0.351262056374292

Eridanus,Eridani
1,13,3,4,9,12,8,10,14,5,2,6,7,0
1
-1,,Achernar,0.45,6.02662675527323,-1.03630863591888
-2,,Cursa,2.78,1.31379659443873,-0.486384477436331
-8,2,Acamar,2.88,0.406036306066047,-0.937988421389864
-3,,Zaurak,2.97,0.940116753449934,-0.579570515082395
-4,,Rana,3.52,0.887664761290694,-0.500613758976896
-20,4,,3.55,0.916244527792101,-0.941949349164528
-21,,,3.56,0.0172545189106884,-1.02948730742567
-22,,,3.69,6.21745426829476,-0.995123713708622
-19,4,Liberfluus,3.7,0.699973992785948,-0.672135991216639
-5,,Sadira,3.72,0.84068631559118,-0.483824661200072
-20,2,Beemin,3.81,1.04512254864145,-0.904478099751572
53,,Sceptrum,3.86,1.1388709701576,-0.62845912668548
-7,,Azha,3.89,0.676271451916503,-0.428478331364608
-13,,,3.93,1.16611749903596,-0.438591544752553
-20,3,,3.97,0.950879617170566,-0.951951055405818

Fornax,Fornacis
0
0
-1,,Dalim,3.8,0.603971187652638,-0.780084605452488

Gemini,Geminorum
0,7,-1,6,9,7,2,-1,8,11,10,-1,1,4,-1,3,4,5
7
-2,,Pollux,1.16,1.97600360146625,0.116558905212355
-1,,Castor,1.58,1.92405096739855,0.176103721526228
-3,,Alhena,1.93,1.72969885891536,-0.117785483825562
-12,,Tejat,2.87,1.66332786597146,-0.0144183588761976
-5,,Mebsuta,3.06,1.74425781375908,0.0360119602328163
-7,,Propus,3.31,1.63076777914815,-0.0156110005317271
-14,,Alzir,3.35,1.76643803966984,-0.176452787376627
-4,,Wasat,3.5,1.89401675985381,-0.00321916284256732
-10,,,3.57,1.98383819055298,0.0536252412675258
-11,,,3.58,1.89854976777219,-0.0984559623597246
-8,,,3.6,1.76493026912159,0.19240315748513
-9,,,3.78,1.90166227160491,0.100395217084163

Grus,Gruis
3,1,5,2,-1,5,0
5
-1,,Al Na'ir,1.73,5.51355813282863,-0.574353919873656
-2,,Gruid,2.07,5.62559857453305,-0.618331368887102
-3,,Al Dhanab,3,5.53997078217548,-0.402220822395716
-5,,,3.49,5.59771693973244,-0.694350154085077
-9,,,3.88,5.73339204839094,-0.632677005711133
-4,1,,3.97,5.61296433000333,-0.547039517079945

Hercules,Herculis
8,0,2,14,3,5,7,10,-1,13,6,4,12,-1,2,6,-1,14,4
14
-2,,Kornephoros,2.78,4.20779005294907,0.7453961865691
-1,,Ras Algethi,2.78,4.4706705752571,0.650872063163174
-6,,Rutilicus,2.81,4.21422837863421,0.927026784059977
-4,,Sarin,3.12,4.44642504306481,0.832386305370584
-16,,,3.16,4.39934478649226,1.0394647729829
-12,,,3.42,4.62904950860196,0.892071717651979
-7,,,3.48,4.16752142859612,1.05235112062679
-14,,Marfik,3.7,4.69833907990614,0.91964791983349
-3,,,3.74,4.1750311925165,0.698359563227853
-9,,,3.82,4.53586831909271,1.20901866167734
-15,,,3.84,4.7594546925468,0.910897032889463
109,,,3.85,4.84849072508257,0.786372638896478
-8,,,3.86,4.68579694997583,1.0592597155826
-19,,,3.91,3.91606796475184,1.14902296864003
-5,,,3.92,4.33406947246767,0.929460548739147

Horologium,Horologii
0
0
-1,,,3.85,0.799632293074824,-1.07747416558189

Hydra,Hydrae
4,1,6,2,8,7,0,10,9,3,5
2
-1,,Alphard,1.99,2.5705451630213,-0.390706497469364
-3,,Dhanab al Shuja,2.99,3.61317092120504,-0.239798542950399
-13,,Sherasiph,3.11,2.97348835780187,-0.380472080661142
-6,,Hydrobius,3.11,2.34880592969224,-0.191535340995944
-16,,Sataghni,3.25,3.81572122903579,-0.22767820092266
-5,,Ashlesha,3.38,2.30987539109914,-0.193881839212515
-14,,,3.54,3.28108324591863,-0.551475562262097
-11,,,3.61,2.78152638076655,-0.384248779236985
-12,,,3.83,2.88048170121782,-0.430621207835112
-8,,,3.89,2.4485030150756,-0.227862430121482
-9,,,3.9,2.57685258901254,-0.249242713458412
-53,,,3.91,2.26638760390361,-0.391899139124893

Hydrus,Hydri
1,2,0
0
-2,,,2.82,5.25270413170765,-1.1305273267057
-1,,,2.86,5.97084409312477,-1.12118981520754
-3,,,3.26,5.41843284045813,-1.33956928972651

Indus,Indi
0,1
0
-1,,Al Nair,3.11,5.22031857780953,-0.484294930470749
-2,,,3.67,5.19729477609364,-0.683315794703024

Lacerta,Lacertae
0
0
-1,,,3.76,0.142263726584782,0.930081110250967

Leo,Leonis
8,0,5,2,3,1,7,0,-1,1,6,10,4
1
-1,,Regulus,1.36,2.61501712198948,0.00805760338004049
-3,2,Al Gieba,2.01,2.61124042341364,0.153787747784756
-2,,Denebola,2.14,2.99528073276775,0.214093721577971
-4,,Zozma,2.56,2.81546818658103,0.250129922494843
-5,,Ras Elased,2.97,2.45574613147138,0.169490862915894
-8,,Chertan,3.33,2.85225100056681,0.168816971899151
-6,,Adhafera,3.43,2.575480566295,0.207020289970583
-7,,Al Jabhah,3.48,2.58141953388859,0.0848617867414132
-15,,Subra,3.52,2.51759381277052,-0.065634076148609
-17,,Shir,3.84,2.72950102464669,0.00256466437306945
-12,,Rasalas,3.88,2.46840461668515,0.2154608961587
-9,,Tsze Tseang,4,2.92455611296749,0.106532958287009

Leo Minor,Leonis Minoris
0,1
0
46,,Praecipula,3.79,2.63324126826239,0.43508149370132
-2,,,4.2,2.52265041946449,0.437408599370645

Lepus,Leporis
6,4,0,3,-1,7,5,1,2,-1,0,1
0
-1,,Arneb,2.58,1.42033924899936,-0.716704912921038
-2,,Nihal,2.81,1.39052320761113,-0.766558303749532
-5,,Sasin,3.19,1.25756790370365,-0.784884260895472
-12,,Neshmet,3.29,1.31585220444664,-0.68165773191363
-6,,,3.55,1.50073590173776,-0.667103625206722
-3,,,3.59,1.48084884453864,-0.799772889042346
-7,,,3.71,1.55159770502296,-0.656423179811878
-4,,,3.76,1.5213356350481,-0.773209947454355

Libra,Librae
5,0,1,2,3,4,-1,0,2
0
-2,,Zuben el Chamali,2.61,4.00328109784664,0.148367530829951
-1,2,Zuben El Genubi,2.75,3.92843556175695,0.00589533436229196
-18,,Brachium,3.25,4.02626126633123,-0.133328610441934
-20,,Deracrab Borealis,3.6,4.16452528004686,-0.148382075240385
-19,,Deracrab Australis,3.66,4.17746980533248,-0.174794724587232
-3,,Zuben el Hakrabi,3.91,4.10392356990817,0.0766393467097954

Lupus,Lupi
6,2,4,9,5,-1,0,1,3,8,-1,2,3
0
-1,,Men,2.3,4.07544561427979,-0.52395753772232
-2,,Kekouan,2.68,4.10199885959416,-0.437040140973002
-3,,Thusia,2.8,4.21495559915587,-0.370673996165918
-4,,Hilasmus,3.22,4.16536885585199,-0.373849525777185
-5,,,3.37,4.19094762566733,-0.440511406929747
-6,,,3.41,4.20204985896474,-0.572914023240761
-7,,,3.42,4.28953448772095,-0.304361180863756
-9,,,3.55,3.99315818818507,-0.526851875398544
-21,1,,3.57,4.14507455516074,-0.299716665798726
-10,2,,3.88,4.17960298552937,-0.517461034395452
-16,,,3.91,4.14749377542948,-0.495649266882334
-22,,,3.97,4.23837694809027,-0.229922888266197

Lynx,Lyncis
0,1,2
1
-1,,Elvashak,3.14,2.30106632651338,0.313446589247748
38,,Maculosa,3.82,2.27885701178175,0.350738457598694
10,,10 Ursae Majoris,3.96,2.18645152416227,0.413812717511044

Lyra,Lyrae
0,4,2,1,3,4
4
-1,,Vega,0.03,4.97974433296935,1.07753719136043
-3,,Sulaphat,3.25,5.09506211515807,0.960260761900036
-2,,Sheliak,3.52,5.04202349844469,0.977214696328436
-4,2,,4.22,5.09060667742867,1.03538264178796
-6,2,,4.34,5.02847780419449,1.05328196289452

Monoceros,Monocerotis
1,3,0,2
3
-2,,Cerastes,3.76,1.71541624786987,-0.52834025339955
-1,,Lucida,3.94,2.08187721314695,-0.531607897610228
-3,,Tempestris,3.99,1.64496312373103,-0.51776161887774
-4,,Kartajan,4.15,1.90930778335601,-0.379628504856011

Musca,Muscae
3,0,4,2,1,0
0
-1,,Myia,2.69,4.02089437888135,-0.98701278082366
-2,,Diptera,3.04,4.01704495825334,-0.964076245570367
-4,,,3.61,4.12237073047438,-0.990828264493992
-11,,,3.63,3.85718249504428,-1.02106124564798
-3,,,3.84,4.08450193384292,-1.02738806418646

Octans,Octantis
0
0
-13,,,3.73,5.0559667399134,-1.00832034210842

Ophiuchus,Ophiuchi
0,5,11,3,6,2,1,8,10,4,0,-1,7,1
1
-1,,Rasalhague,2.08,4.58057298862782,0.625559940872445
-7,,Sabik,2.43,4.50241132695934,0.125731580058947
-6,,Fieht,2.54,4.34985985406141,0.198919053359243
-4,,Yed Prior,2.73,4.22895217012951,0.301020814600911
-2,,Kelb al Rai,2.76,4.63099361146321,0.487741955743438
-10,,Helkath,3.19,4.39510266678255,0.555751618929483
-5,,Yed Posterior,3.23,4.25003186898415,0.287024243627279
-8,,Imad,3.27,4.56219855011377,-0.0320607287317736
-13,,Sinistra,3.32,4.70807898675963,0.238625293842114
72,,Phorbaceus,3.71,4.75009778850139,0.575881082969151
-3,,Al Durajah,3.75,4.65361016968697,0.45584121552643
-11,,Marfik,3.82,4.28639774320417,0.411233508727542
67,,Fellah,3.93,4.71552572490147,0.460369375307993

Orion,Orionis
1,4,14,5,0,6,2,10,1,15,16,-1,4,3,6,-1,8,12,13,17,-1,2,12
6
-2,,Rigel,0.18,1.34091222362319,-0.54330160359859
-1,,Betelgeuse,0.45,1.54905728133395,-0.279834456736424
-3,,Bellatrix,1.64,1.41277615557405,-0.293603165279935
-5,,Alnilam,1.69,1.45670512321939,-0.427828681031921
-6,,Alnitak,1.74,1.47795935499923,-0.441558604480943
-10,,Saiph,2.07,1.50793538490223,-0.577301587054802
-4,,Mintaka,2.25,1.43807858159116,-0.400761533215576
-9,,Na'ir al Saif,2.75,1.44856994965037,-0.509747648728999
-16,3,Tabit,3.19,1.25528927940243,-0.268606171881927
-7,,Saif al Jabbar,3.35,1.39900259889373,-0.445752242822541
-11,,Meissa,3.39,1.46095693920272,-0.233452331864675
-19,,,3.59,1.35867579689904,-0.520874122710463
-16,4,,3.68,1.25838239068791,-0.292832311526971
-16,5,,3.71,1.26518917477069,-0.34925977587131
-18,,,3.77,1.46773948260144,-0.452685078462407
-12,,,4.12,1.58135072063265,-0.240802107270295
-13,,,4.42,1.60310915864085,-0.151232779685309
-16,6,,4.47,1.28347149868533,-0.364036896871528

Pavo,Pavonis
0,1,4,5,3,6,2,1
2
-1,,Peacock,1.94,5.12804883802076,-0.632880627457199
-2,,,3.42,5.10494261797908,-0.801954550607339
-4,,,3.55,5.01971237284003,-0.779982794579455
-7,,,3.61,4.67702182234775,-0.720869462441769
-5,,,3.97,4.94848839494822,-0.888008979004282
-6,,,4.01,4.8016625716242,-0.84077358205378
-11,,,4.22,4.84859738409241,-0.682336471067183

Pegasus,Pegasi
3,2,0,4,3,6,8,1,-1,2,5
3
-4,,Alpheratz,2.07,0.249776008507633,0.448186007501711
-5,,Enif,2.38,5.79251992493906,0.385766246058858
-2,,Scheat,2.44,6.27231578444911,0.543500377207845
-1,,Markab,2.49,6.16952558778027,0.338710230170366
-3,,Algenib,2.83,0.15982367811457,0.219892093204041
-7,,Matar,2.93,6.20844643009974,0.612760859691154
-6,,Homan,3.41,6.0415153834201,0.308593604299842
-12,,Sadalbari,3.51,6.18525779173227,0.512908633929833
-8,,Baham,3.52,5.87886039340786,0.285244977417607
-9,,,3.77,6.01112241375135,0.597906168501957
-11,,Sadalpheretz,3.97,6.16203036827031,0.502601495069445

Perseus,Persei
10,2,13,3,5,12,-1,6,1,9,0,4,-1,0,5
7
-1,,Mirfak,1.79,1.08354403286938,0.525688322563881
-2,,Algol,2.09,0.98033204829797,0.391356147802051
-6,,Atik,2.84,1.10172454591099,0.197702171019658
-5,,Adid Australis,2.9,1.14630801202582,0.333508179372061
-3,,Alphecher,2.91,1.04760964282554,0.60256522797742
-4,,Basel,3.01,1.13103153293406,0.476402163742286
-17,,Gorgonea Tertia,3.32,0.958394229227764,0.359004530861611
-13,,Miram,3.77,1.11394185067495,0.386546796085444
-7,,Adad,3.77,1.02458099297284,0.654081529732119
-10,,Misam,3.79,1.00692407870683,0.455143083825632
-15,,,3.84,1.06716217858469,0.212556862208854
-19,,,3.93,1.01079289188208,0.599792093721473
48,,,3.96,1.21297474131519,0.457780470250868
-14,,Menkib,3.98,1.13399374452564,0.260713405153464

Phoenix,Phoenicis
3,0,5,1,2,4,-1,1,6
1
-1,,Ankaa,2.4,6.02990894389434,-0.709132123222107
-2,,,3.32,6.11619123472141,-0.8412196106404
-3,,,3.41,6.25066400545076,-0.830500380151068
-5,,,3.88,5.92787990470484,-0.732218950716543
-4,,,3.93,6.17170240120845,-0.917728057656296
-10,,,3.93,6.01285804672972,-0.729411879502919
-6,,,3.94,5.97548376005299,-0.962195168487663

Pictor,Pictoris
0,1
0
-1,,,3.24,2.51611513104314,-1.44938928477145
-2,,,3.85,1.44059961273293,-1.29904856225938

Piscis Austrinus,Piscis Austrini
0,1,4,3,2,0
3
-1,,Fomalhaut,1.17,5.82690775934016,-0.368822007904079
-5,,,4.18,5.78274123299108,-0.301418361819421
-4,,,4.2,5.79784802729445,-0.412547353803349
-2,,Tien Kang,4.29,5.71034400599099,-0.372841113320478
-9,,,4.35,5.53703281126796,-0.32004975158446

Pisces,Piscium
0,5,2,6,3,4,7,1,4
6
-7,,Alpherg,3.62,0.468034279606335,0.0938065991578841
-3,,Simmah,3.7,6.13399844122856,0.126686663010733
-1,,Alrescha,3.82,0.512734101004634,-0.158194704146042
-24,,Vernalis,4.03,0.045097368616809,0.111056269931761
-9,,,4.13,6.24208280329512,0.124888004253816
-15,,,4.26,0.484202815871338,-0.0283276633872302
-5,,Kaht,4.27,0.305878647685628,0.0190531776676048
-8,,,4.27,6.19923981829547,0.157666257233632

Puppis,Puppis
1,0,5,3,4,1,9,6,2
1
-6,,Naos,2.21,2.41830397087929,-1.01843355549637
-16,,Ahadi,2.71,2.09973290102221,-1.0215509074659
-17,,Tureis,2.83,2.29324143370027,-0.755291233800546
-19,,El Rehla,2.94,2.05487793924596,-1.27162265231901
-13,,Kaimana,3.17,1.87015907860641,-1.15331841785466
-18,,Hadir,3.25,2.24622905104308,-1.11316614878517
-14,,Asmidiske,3.34,2.19990510381306,-0.784428536035229
-27,,,3.62,2.2845147874403,-1.00768523618617
-25,,,3.71,2.35768771633016,-1.04206822245046
-35,,Markab,3.8,2.15481258333307,-0.827620586885278
3,,,3.94,2.19718045092523,-0.858997728326687

Pyxis,Pyx
0,1
0
-1,,Al Sumut,3.68,2.55702370945516,-0.853926577222281
-2,,,3.97,2.56227424162158,-0.892895900909866

Reticulum,Reticuli
0,1,4,2,0
3
-1,,,3.33,0.130458513449765,-1.36207434080362
-2,,,3.84,6.13251006322755,-1.32795800206394
-5,,,4.44,0.341798493319034,-1.33202558884845
-3,,,4.48,0.0862871389638752,-1.3358507687924
-4,,,4.56,0.122672405731146,-1.32488428332571

Sagitta,Sagittae
3,1,2,-1,1,0
1
-3,,,3.51,5.35897044247005,0.684086648455988
-4,,,3.68,5.2951544176256,0.679248207918515
-2,,,4.39,5.25707715111125,0.667127865890777
-1,,Sham,4.39,5.25473065289468,0.677148964679311

Sagittarius,Sagittarii
7,0,3,4,8,1,-1,2,9,1,11,10,-1,3,6,-1,4,12
4
-5,,Kaus Australis,1.79,4.80102261756514,-0.192771615882774
-18,,Nunki,2.05,4.92854800824419,-0.0600878076367159
-6,,Ascella,2.6,4.95041795339904,-0.125183740599293
-4,,Kaus Media,2.72,4.79233475639965,-0.112845232415056
-11,,Kaus Borealis,2.82,4.82264045960581,-0.0371512723834237
-16,,Albaldah,2.88,4.99603407265464,0.0251909188704515
-3,2,Al Nasl,2.98,4.73440436964387,-0.121896703841371
-7,,Sephdar,3.1,4.7757056471376,-0.233365065402075
-21,,Nanto,3.17,4.89008289078496,-0.0688968722224762
-19,,Hecatebolus,3.32,4.97129403050762,-0.0886966629589896
-14,2,Nergal,3.52,4.94715030918836,0.0291033652770054
-15,,Manubrij,3.76,4.974081709174,0.0151213387138064
-12,,Polis,3.84,4.76847222701544,0.0409861486010002
-17,1,Cappa,3.92,5.0518603680344,0.0738274273593601
-1,,Rukbat,3.96,5.00272450145395,-0.320680009369903
-2,1,Arkab Prior,3.96,4.98771466988679,-0.386386807570678

Scorpius,Scorpii
7,1,5,11,2,14,16,12,4,8,0,10,3,-1,19,6,3,9,17
8
-1,,Antares,1.06,4.35917797301234,-0.0796500396694857
-11,,Shaula,1.62,4.61789394579963,-0.240535459745685
-8,,Sargas,1.86,4.63558479702332,-0.342758424407631
-4,,Dschubba,2.29,4.23366455910989,-0.0345575191894877
-5,,Wei,2.29,4.45646553440059,-0.20475136194299
-10,,Girtab,2.39,4.65076916151567,-0.272925861780613
-2,2,Graffias,2.56,4.2444613597882,0.017690851223687
-20,,Lesath,2.7,4.60789223955834,-0.244375184100073
-19,,,2.82,4.38875160756002,-0.10671233934902
-16,,Vrischika,2.89,4.24010288479502,-0.0954598138104676
-18,,Al Niyat,2.9,4.32492103830514,-0.0703561614026159
-9,1,Apollyon,2.99,4.66914844816653,-0.291605732913764
-12,1,Denebakrab,3,4.47076268985651,-0.269071593015792
-57,,,3.19,4.67604734684872,-0.237641122069461
-7,,,3.32,4.55082482115494,-0.352144417273911
-12,2,,3.56,4.47234318245692,-0.268358916904561
-6,2,,3.62,4.48964618273572,-0.342729335586764
-17,,,3.87,4.24370989858248,-0.149977112251235
-24,1,Jabhat,3.93,4.25282924392415,0.00395123150104272
-13,,Jabbah,4,4.26983650785747,0.0286088553222737

Scutum,Scuti
0
0
-1,,Ioannina,3.85,4.86975950127285,0.260529175954642

Serpens,Serpentis
2,5,0,6,4,7
5
-1,,Unukalhai,2.63,4.05043407647135,0.445281973551865
-7,,Tang,3.23,4.8115382263084,0.356808324886185
-12,,Leiolepis,3.54,4.11789590019774,0.283504496302423
-14,,,3.54,4.61719581409883,0.138598535155594
-2,,Chow,3.65,4.01330219663517,0.59920062103052
-5,,,3.71,4.08981064365107,0.419082642224705
-4,,Chin,3.8,3.98527511773023,0.504143202575373
-3,,,3.85,4.06271440701386,0.614418922480548

Taurus,Tauri
3,0,4,9,12,6,1,-1,15,5,7,-1,5,9
9
-1,,Aldebaran,0.87,1.21804104428279,-0.0955179914522008
-2,,Alnath,1.65,1.44120078169751,0.0938793212100506
-7,,Alcyone,2.85,1.0470666515027,0.0706034163799817
-6,,Shurnarkabti,2.97,1.47976771002977,-0.0384311805015529
-8,2,Phaesyla,3.4,1.1861500003394,-0.101999950368635
-11,,Elthor,3.41,1.05826099939952,-0.139020323058159
-5,,Ain,3.53,1.1949299761043,-0.0449082912811763
-15,,Atirsagne,3.61,0.892963774825221,-0.162999207725837
27,,Atlas,3.62,1.05340801445161,0.068276310710656
-3,,Primus Hyadum,3.65,1.14851391427487,-0.100147962106797
17,,Electra,3.72,1.03693404556751,0.0730274847855294
-14,,Ushakaron,3.73,0.906019807257501,-0.153651999954045
-4,1,Secundus Hyadum,3.77,1.16710651894542,-0.0693816859035857
-8,1,Phaeo,3.84,1.18603364505594,-0.100370976400107
20,,Maia,3.87,1.04162219386384,0.0765229914263291
-13,,Furibundus,3.91,1.04576735083732,-0.252326128470269

Telescopium,Telescopii
0
0
-1,,,3.49,4.80093535110253,-0.395161935198761

Triangulum,Trianguli
0,1,2,0
1
-2,,Deltotum,3,0.739214812134954,0.359125734281889
-1,,Mothallah,3.42,0.64337199551641,0.293161984830125
-3,,,4.03,0.75955759419431,0.330633234243081

Triangulum Australe,Trianguli Australis
0,1,2,0
1
-1,,Atria,1.91,4.55350584081147,-0.805377335195972
-2,,,2.83,4.39549051772744,-0.731966847602366
-3,,,2.87,4.3527832805585,-0.839440344430728
-4,,,3.86,4.44811704281188,-0.726192716660352

Tucana,Tucanae
0,1
1
-1,,,2.87,5.40471261328273,-0.79235523972137
-3,,,3.99,5.5926312442176,-0.83506732502712

Ursa Major,Ursae Majoris
2,19,0,10,1,15,11,17,20,16,5,10,-1,5,4,1,-1,7,6,12,-1,6,16,-1,14,9,8,-1,9,20
4
-5,,Alioth,1.76,2.77375481745837,0.947994975767964
-1,,Dubhe,1.81,2.35954940086562,0.867006850338616
-7,,Alkaid,1.85,3.08791408281734,0.949245795065227
-6,,Mizar,2.23,2.8918360376294,0.983963302769481
-2,,Merak,2.34,2.43350287978207,0.787638002604174
-3,,Phecda,2.41,2.62620662174949,0.822714272432449
-23,,,3,2.59720991548233,0.620193053422563
-12,,Tania Australis,3.06,2.46496728768608,0.506038824068512
-9,,Talitha Borealis,3.12,2.14324008076498,0.516103556088345
-8,,,3.17,2.22116418372972,0.608993857388932
-4,,Megrez,3.32,2.63644588669452,0.901520736296804
-15,,Muscida,3.35,1.97211539574375,0.702281705908029
-11,,Tania Borealis,3.45,2.43555848978998,0.52152377304315
-13,,Alula Borealis,3.49,2.73406796952274,0.456573284184906
-10,,Talitha Australis,3.57,2.16306896032236,0.505694606354924
23,,,3.65,2.10869225784912,0.78823917156875
-22,,,3.69,2.6817905102887,0.725029163825689
-20,,,3.78,2.20373513189383,0.744339292744282
-14,,,3.79,2.74609134881426,0.431513265008354
80,,Alcor,3.99,2.89487581940996,0.986959451318738
-21,,,4.55,2.25750096912888,0.667695097897675

Ursa Minor,Ursae Minoris
0,5,3,4,1,2,6,4
4
-1,,Polaris,1.97,1.54579933339689,1.15357536910565
-2,,Kocab,2.07,2.32661115937104,1.27378976947357
-3,,Pherkab,3,2.47101776242633,1.31313239969561
-5,,,4.21,1.73019336887009,1.29008435729566
-6,,,4.29,2.04889533842107,1.31102346018278
-4,,,4.35,1.59178875918694,1.22065903816078
-7,,,4.95,2.09966502710686,1.35829279409096

Vela,Velorum
2,3,1,0,2,1
1
-3,1,Regor,1.75,2.57193657828609,-1.12517013552944
-4,,Koo She,1.93,2.94894708926411,-1.17283701665613
-11,,Suhail,2.23,2.81341257657313,-0.975163934457343
-10,,Markab,2.47,3.12248614641727,-1.11215288819165
-12,,Peregrini,2.69,3.32525946854133,-0.891625689065359
-64,,Marut,3.16,3.21537159958104,-1.12116072638667
-21,,Tseen Ke,3.52,3.24557549191417,-1.04632003843379
-23,,,3.6,2.87537661315574,-0.89300255991971
-15,,Xestus,3.6,2.87540085383979,-1.15677029126416
-27,,,3.75,2.85936321726869,-1.03538264178796
-26,,,3.77,2.73232748840756,-1.06723974877367
-40,,,3.84,3.27073732196375,-0.891126330973816
-41,,,3.85,3.0892909536717,-0.84228135260203
-25,,,3.87,2.74898568649048,-1.04962646773896

Virgo,Virginis
7,10,12,0,14,1,8,5,9,11,1,4,3,13,6,-1,10,13,-1,4,2
14
-1,,Spica,0.98,3.5577033879493,-0.0358083384867503
-3,,Porrima,2.74,3.31861267297332,0.0487237749515084
-5,,Vindemiatrix,2.85,3.31505898869079,0.282849997832925
-6,,Heze,3.38,3.52012063138969,0.170111424427714
-4,,Auva,3.39,3.34162193027878,0.150364963196123
-2,,Zawijah,3.59,3.09205923979083,0.0121057976173051
109,,,3.73,3.81382075940584,0.298543416690441
-12,,Rijl al Awwa,3.87,3.84198843427831,0.168889693951318
-7,,Zaniah,3.89,3.21669029279366,0.0452040276266531
-13,,,4.04,3.03963633645246,0.0800378906143733
-9,,Syrma,4.07,3.73144606684852,0.125731580058947
-15,,,4.12,3.10134342178408,0.148779622458894
-10,,,4.18,3.74361489024437,0.0508957402428791
-19,,,4.23,3.62587303965011,0.228036963046681
-8,,,4.38,3.45988737964864,0.0304559954473011

Volans,Volantis
4,0,3,1,2,0
0
-2,,,3.77,3.40679543343033,-1.31917317816224
-3,1,,3.78,3.83796932886191,-1.44186012830382
-6,,,3.93,3.94068680347859,-1.38549084160121
-4,,,3.97,3.48140825895309,-1.43945545244551
-1,,,4,3.50132925310988,-1.26010832739266
